d1.94971 1.74335 1.39618 1.23291 1.16343 1.03026 0.963455 0.919834 0.858229 0.825448 0.726336 0.551632 0.488382 0.150845 
V0.028923 0.297296 -0.601474 -0.13018 0.14355 -0.00563061 -0.033366 -0.089134 0.0464323 -0.232524 0.114913 -0.567299 0.324491 -0.0762428 
-0.56349 -0.397579 -0.0856612 -0.0337111 -0.00203872 0.00630839 -0.032065 -0.0859235 0.080169 -0.0831129 -0.012154 0.00984816 0.00165814 -0.702779 
0.00338837 -0.0659851 0.158856 0.0838485 0.387081 -0.156897 -0.849688 0.130408 -0.145728 0.0493912 0.134302 -0.0601879 0.0676178 0.00604874 
0.0451046 -0.20102 0.0495772 -0.568032 0.0304143 -0.0835401 0.175184 0.534062 -0.0238242 0.049677 0.551311 -0.0342805 -0.0207839 0.00597809 
-0.152556 0.223313 -0.0469142 0.505582 -0.371138 0.0411777 -0.010762 0.0232349 -0.339087 -0.0326293 0.605112 -0.0502194 -0.198328 -0.0699097 
-0.12282 0.043817 0.696885 0.113068 -0.0889974 0.0237804 0.147899 0.0276536 0.0874684 -0.118643 0.0192777 -0.449092 0.479158 -0.00782162 
-0.592886 -0.329606 -0.153839 0.0130416 -0.0209573 0.0161397 -0.0214416 -0.0666693 0.0286807 -0.097264 0.0290714 -0.0731637 0.017014 0.702591 
-0.283353 0.469277 0.0742807 -0.215576 0.154439 -0.0426816 0.018438 -0.171093 -0.0508844 -0.222225 0.179931 0.605009 0.376496 0.00897578 
-0.108285 0.204845 0.0157177 -0.277375 -0.452254 0.00967837 -0.30503 -0.252109 0.438612 0.542394 0.130194 -0.0645897 0.00896886 0.0112199 
-0.292679 0.431995 0.24159 -0.199553 0.27999 -0.0409202 0.0537161 -0.0302517 0.0697759 -0.13713 -0.0812815 -0.26169 -0.668443 -0.00918747 
-0.0800872 0.13935 -0.111055 0.307528 -0.113022 -0.612365 0.0151025 0.449203 0.488366 -0.132347 -0.102252 0.103968 0.0140969 -0.00199305 
-0.0711458 0.134655 -0.0563483 0.129961 0.00913149 0.764152 -0.153435 0.461445 0.330896 -0.116862 -0.0576897 0.0981154 0.0100599 -0.00711879 
-0.316855 0.240207 -0.108433 0.0351828 0.0868911 -0.0265555 0.13867 0.367238 -0.419533 0.594479 -0.317823 -0.0643209 0.175387 -0.0351774 
-0.0132634 0.0655908 0.0168889 -0.328217 -0.596106 -0.0509582 -0.288932 0.182672 -0.349741 -0.403186 -0.355755 -0.0213426 -0.0278545 -0.00709206 

pnf = 11 and p = 3
V = 
-0.0767481 -0.125339 0.000666066 0.0110427 0.0701715 0.184507 -0.0100182 0.0874103 0.0552992 0.094086 -0.896042 -0.196655 -0.00382673 0.279428 
0.135475 -0.179323 -0.127494 -0.166551 -0.114491 -0.353435 -0.0274217 0.227523 -0.178064 0.641648 -0.0163756 0.455696 -0.0776455 0.239953 
-0.0752179 -0.182774 0.189696 0.132337 0.121878 0.328827 -0.0461847 0.152287 0.485728 0.448301 0.338854 -0.320977 -0.249822 0.20486 
0.180987 0.0651189 0.194226 0.0704208 -0.133326 -0.441909 -0.0403187 -0.220987 0.638757 -0.0574159 -0.23032 0.185254 -0.308539 -0.250859 
0.0182269 -0.160637 -0.117759 -0.115413 -0.0223166 -0.0882285 -0.0182769 0.730484 0.281938 -0.50612 0.0720219 0.133809 0.0231485 0.212551 
0.123176 -0.0952801 0.494092 0.284637 -0.00313566 -0.105563 -0.155852 0.271188 -0.482025 -0.109312 -0.0374239 -0.119723 -0.516806 -0.120406 
0.0320181 -0.519036 -0.0455142 -0.138345 0.0362598 0.00571198 -0.46613 -0.467383 -0.039162 -0.278311 0.10216 0.0917957 -0.146549 0.389824 
0.0436139 -0.342619 0.0964444 -0.0085149 0.0345159 -0.0540928 0.866244 -0.17799 -0.0490433 -0.132229 0.0463254 0.0246997 -0.162374 0.190127 
-0.0896018 0.0358607 -0.0377867 0.0332096 0.904529 -0.40138 -0.0245374 0.00795231 -0.00229412 0.0179384 0.01214 -0.0691582 0.053386 0.0101705 
0.373854 0.161527 0.328124 -0.714463 0.240744 0.340322 0.0142029 0.0139533 0.00639178 -0.00821785 -0.0343389 0.146132 -0.102188 -0.0936062 
-0.663168 0.0116975 0.388398 -0.45354 -0.201412 -0.327862 -0.0114738 0.00273109 -0.0167103 0.0207942 0.0304614 -0.210999 0.0800359 0.052486 
0.247067 -0.0813889 0.595472 0.263177 -0.00993826 -0.0462004 -0.0341308 -0.0142039 0.057409 0.0123472 0.0191278 0.134684 0.663868 0.205452 
0.519557 -0.0123915 -0.156612 -0.202055 -0.167536 -0.35546 -0.00733549 0.0116798 -0.0396595 0.0366062 0.0515572 -0.695261 0.11234 0.0914504 
0.0184542 0.677145 0.0401103 0.0936463 -0.0382011 -0.0532851 0.0309093 -0.103363 -0.0179538 -0.0990094 0.0672495 0.0534955 -0.218732 0.670421 

d = 
2.48611 2.0723 1.98348 1.76032 1.42409 1.25619 1.21179 1.00785 0.932286 0.902941 0.759906 0.00918353 0.00268647 1.35843e-05 

d1.9736 1.73988 1.39546 1.23714 1.17835 1.02803 0.965391 0.922424 0.862773 0.800636 0.716084 0.557815 0.467777 0.159901 
V0.065263 0.297611 0.616627 0.0567875 0.113893 -0.0062503 -0.00123449 -0.132517 -0.0744101 -0.170201 0.0431878 -0.582711 0.331939 -0.0838814 
-0.536903 -0.419663 0.132299 0.00856947 -0.00662736 -0.019588 -0.0247373 -0.0672924 -0.110124 -0.0807006 -0.0185676 0.0145338 -0.00606958 -0.702311 
-0.0197049 -0.0773823 -0.155142 -0.0211989 0.371328 -0.122885 0.877144 -0.190096 0.0383365 0.00877508 0.0341736 -0.0647272 0.0600946 0.00928001 
0.0339021 -0.170042 0.0522912 0.604135 0.00583344 -0.0876992 0.0726885 0.517407 0.094901 0.147393 0.531803 -0.0856103 0.0246598 -0.00469438 
-0.160706 0.220034 0.00200816 -0.548016 -0.28197 0.00487436 0.0987555 0.0316529 0.322462 -0.0842247 0.624034 -0.0675378 -0.155763 -0.0763532 
-0.179898 0.0363607 -0.685913 -0.0436648 -0.0829937 0.00924207 -0.125424 0.104194 -0.114202 -0.0636715 -0.000856513 -0.466862 0.474612 -0.00749879 
-0.562989 -0.353603 0.20623 -0.0445263 -0.0283584 -0.0102988 -0.020273 -0.0459949 -0.04822 -0.09086 0.0251374 -0.0840839 0.0122455 0.70116 
-0.308047 0.452492 -0.0216169 0.225327 0.15335 0.0339665 -0.0383265 -0.115992 -0.0464934 -0.274802 0.191569 0.578141 0.400799 0.0161611 
-0.135265 0.198623 0.00794426 0.202347 -0.479801 -0.192859 0.108078 -0.417992 -0.286172 0.597642 0.0899943 -0.014191 0.00144215 0.00835041 
-0.323323 0.424958 -0.180898 0.251879 0.257357 0.0488267 -0.0676571 -0.0136955 -0.0947678 -0.115127 -0.0478693 -0.270686 -0.668923 -0.00832225 
-0.053323 0.166762 0.0970961 -0.307106 0.0416138 -0.590698 0.0651977 0.502253 -0.48943 -0.00018766 -0.0955001 0.0973091 -0.017372 0.00277614 
-0.0596712 0.0990247 0.0930417 -0.0971688 -0.166909 0.753386 0.291782 0.337244 -0.400503 0.0948471 -0.0539078 0.0417691 0.0117969 -0.00515221 
-0.325296 0.235706 0.104128 -0.0687488 0.124715 0.0101909 0.0180829 0.297641 0.551635 0.49859 -0.37271 -0.0037815 0.158458 -0.0393867 
-0.0290443 0.0876045 0.0164737 0.251835 -0.629892 -0.138631 0.302298 0.130956 0.235008 -0.468806 -0.354581 -0.0133564 -0.0473473 -0.0108261 

pnf = 11 and p = 3
V = 
0.0949766 0.0889648 -0.0631089 0.0227883 -0.0788424 -0.195468 -0.0926299 0.0402158 0.0384518 0.0829118 -0.883657 0.187939 0.0814903 0.304592 
-0.112031 0.198848 -0.115426 -0.0842757 0.0855119 0.22499 0.163122 0.237941 0.029407 0.736316 0.00447373 -0.440247 0.103925 0.196626 
-0.12128 0.0332521 0.27865 -0.138079 0.181296 0.41272 0.168368 0.0797037 -0.428972 -0.280812 -0.352605 -0.308474 -0.379689 -0.151807 
-0.136544 -0.0994607 -0.120142 0.0115308 0.0880869 0.311227 0.211423 -0.0750201 0.76429 -0.252114 -0.208821 -0.19653 0.162771 -0.213356 
-0.0588885 -0.217611 -0.0729361 0.0755654 0.0140892 0.112828 0.0764452 -0.805414 -0.22135 0.335651 -0.143325 0.031399 0.128833 -0.26627 
-0.0988095 -0.115997 -0.539702 0.151941 -0.0660014 0.0333759 0.231303 0.248732 -0.419459 -0.265358 -0.0350294 -0.0766972 0.529583 -0.0874637 
0.0207971 0.557483 -0.138702 -0.176061 0.00953936 -0.15264 0.30586 -0.44029 -0.011704 -0.304001 0.119777 -0.200972 0.00653351 0.424754 
0.0321879 -0.189984 0.226339 0.0290626 0.00405272 -0.44666 0.799973 0.121294 0.0347184 0.1244 -0.0304126 0.102395 -0.109566 -0.12849 
-0.0938867 -0.040102 -0.103195 -0.00794779 0.903215 -0.352436 -0.16751 -0.00300234 -0.00668431 -0.0161585 -0.0224114 -0.0730151 0.0464781 -0.0498797 
-0.345686 -0.218613 -0.0988779 -0.788884 -0.227955 -0.298344 -0.14435 -0.000435841 0.00302779 -0.00947143 -0.0427273 -0.148919 0.020362 -0.11945 
0.696225 -0.195989 -0.206475 -0.477577 0.201104 0.29339 0.144974 0.0207679 -0.00718569 0.0272442 0.0398783 0.219334 0.00390072 0.0875872 
-0.196189 -0.271875 -0.593838 0.162681 -0.0286138 0.0188358 0.0537399 -0.024235 0.0484089 0.0255658 0.0249619 0.0556197 -0.665566 0.232692 
-0.520676 0.141914 0.0770292 -0.17695 0.175011 0.319807 0.161547 0.0436344 -0.0187135 0.0515536 0.0643317 0.679433 0.115366 0.168879 
-0.0879729 -0.593286 0.319241 0.0654471 0.0391212 0.0734493 0.00338127 -0.087905 -0.0204144 -0.114779 0.0739788 -0.197485 0.209572 0.646086 

d = 
2.49415 2.10158 1.96303 1.7837 1.4205 1.25188 1.21321 1.00477 0.932178 0.889731 0.757862 0.00660244 0.000539388 3.59034e-05 

d1.95693 1.78307 1.40529 1.25988 1.19437 1.02814 0.970682 0.92891 0.851534 0.799148 0.685358 0.51773 0.470846 0.152694 
V0.0292579 0.385476 -0.507591 -0.141647 0.218742 -0.00943165 0.0540118 -0.185356 -0.106221 0.130093 0.0948971 0.563019 -0.355678 -0.083182 
-0.548674 -0.402054 -0.135644 -0.037538 0.0263367 -0.0142029 0.0111189 -0.101581 -0.0816468 0.0577951 -0.0154512 -0.00817943 -0.00801896 -0.704122 
-0.00646619 -0.0876984 0.152816 0.186783 0.267959 -0.104588 0.897624 0.0683564 0.175657 0.0319905 0.04367 0.0590445 -0.0585787 0.0134436 
0.0107391 -0.144474 0.114117 -0.556477 0.19707 0.0819401 -0.0251703 0.575679 -0.0883655 0.0618349 0.513831 0.0534132 -0.0128804 0.00765248 
-0.147895 0.218717 -0.155144 0.359532 -0.480438 -0.0667745 -2.27019e-05 0.158035 0.351859 0.255601 0.534773 0.0655483 0.17889 -0.0726997 
-0.136763 -0.0206797 0.670376 0.191614 -0.192185 0.00467819 -0.142969 0.0320726 -0.105476 0.0608857 0.00386888 0.426871 -0.488829 -0.0173967 
-0.580933 -0.323077 -0.206345 -0.0056949 -0.00834866 -0.00888934 -0.00491609 -0.0849534 -0.0471347 0.0781462 0.0224393 0.0885535 -0.0374552 0.700044 
-0.302007 0.455373 0.157046 -0.0905692 0.210205 0.00258081 -0.0154774 -0.168781 0.00826927 0.276552 0.131973 -0.616265 -0.348933 0.0117819 
-0.140948 0.173666 0.100495 -0.370159 -0.38893 -0.0155618 0.240924 -0.357619 -0.0631046 -0.628053 0.258061 -0.0018059 0.0194214 0.00210746 
-0.322163 0.394398 0.314189 -0.0389879 0.296332 0.0448067 -0.0470277 -0.0580719 -0.0773161 0.0760959 -0.0884417 0.291793 0.663487 -0.00858812 
-0.0833345 0.16787 -0.139556 0.280305 -0.17612 0.550139 0.208555 0.294818 -0.62026 -0.070272 -0.0438993 -0.105351 0.000563386 -0.007564 
-0.0580186 0.133182 -0.0638892 0.0624559 -0.0971206 -0.818116 0.023467 0.270295 -0.453091 -0.0474445 -0.0782977 -0.0662785 0.0219287 0.00326947 
-0.306815 0.248147 -0.119899 0.0325491 0.0734581 0.0358647 -0.0874358 0.504977 0.444776 -0.458718 -0.340241 0.0185864 -0.184542 -0.0333316 
-0.0239684 0.0893604 0.0106585 -0.487534 -0.493844 0.0445774 0.240719 0.10628 0.0914748 0.453222 -0.471879 0.0384816 0.0242811 -0.00308672 

pnf = 11 and p = 3
V = 
0.0888512 -0.130297 -0.0387269 0.00357584 -0.0717344 0.159583 -0.0588402 0.1047 -0.0172484 -0.186483 0.848419 -0.1986 -0.116585 0.347356 
0.099262 0.206646 0.031156 0.0887109 -0.0832279 0.250791 -0.0248263 -0.181528 -0.188107 0.744999 0.178195 -0.348606 0.233026 -0.192936 
-0.0696493 -0.0203801 0.252107 -0.185795 0.116444 -0.266877 0.112371 -0.0359178 0.642193 0.321453 0.268987 0.361092 0.274808 0.0628621 
-0.197796 0.0264793 -0.0697417 -0.0131433 0.176037 -0.531785 0.1187 -0.16736 -0.558683 0.103485 0.322291 0.315918 -0.149161 -0.224712 
0.0124773 0.141716 0.0144395 0.0500552 -0.0143209 0.0709129 0.0150199 -0.877061 0.164025 -0.366548 0.088377 -0.0807125 0.0853613 -0.139565 
0.116315 -0.0423731 0.527718 -0.314109 0.0061428 0.144176 0.126707 -0.0298071 -0.447793 -0.163503 -0.0694798 0.119609 0.496789 0.276718 
0.0239754 -0.434525 -0.0228778 -0.160764 -0.0255699 -0.0856516 -0.682919 -0.303577 -0.0716052 0.252777 -0.13798 0.0967459 -0.139661 0.317476 
0.0102794 -0.460716 -0.19498 -0.0644717 -0.0792692 0.17433 0.683543 -0.232216 -0.018963 0.226201 -0.120541 0.0485865 -0.228578 0.258779 
0.0982721 0.0299723 0.0589836 0.0211799 -0.890005 -0.424426 0.0547087 0.00226634 0.00721878 -0.01646 -0.0229561 -0.0772464 0.0491987 0.032179 
-0.420575 0.218741 -0.278725 -0.69123 -0.253761 0.321221 -0.0634018 0.0222211 -0.00721094 -0.00456532 0.0593211 0.151987 -0.0590022 -0.132354 
0.640457 0.182839 -0.36827 -0.475923 0.214057 -0.303086 0.0616826 -0.00561682 0.0223195 -0.0116753 -0.0479201 -0.20636 0.0438665 0.0728167 
-0.229237 0.0847292 -0.59339 0.280698 0.00686898 -0.0562106 -0.0231031 -0.00653231 -0.058742 -0.0227098 -0.0323838 0.118091 0.587899 0.375499 
-0.517208 -0.113901 0.123822 -0.191004 0.180347 -0.338888 0.076435 7.39397e-05 0.0509897 -0.0272303 -0.0815401 -0.697237 0.0620711 0.120472 
-0.0844601 0.64337 0.166249 0.0789238 0.0361028 -0.0298356 0.046068 -0.100025 -0.014765 0.135352 -0.10936 0.0675551 -0.388839 0.586938 

d = 
2.48863 2.1133 1.99704 1.79071 1.43952 1.25992 1.22041 0.997507 0.915106 0.879506 0.751504 0.00861115 0.0014734 3.26266e-06 

